dictionary: version=seed-1 source=seed entries=235  fixtures=10

=== threshold sweep on 37 labels (10 fixtures + synthetic random-edit copies) ===
high_score margin max_unexpl | high-conf total  correct  wrong
  0.70   0.00      0      |    56       56      0
  0.70   0.00      1      |   156      156      0
  0.70   0.00      2      |   188      188      0
  0.70   0.05      0      |    56       56      0
  0.70   0.05      1      |   155      155      0
  0.70   0.05      2      |   187      187      0
  0.70   0.08      0      |    55       55      0
  0.70   0.08      1      |   153      153      0
  0.70   0.08      2      |   185      185      0
  0.70   0.12      0      |    52       52      0
  0.70   0.12      1      |   148      148      0
  0.70   0.12      2      |   178      178      0
  0.70   0.20      0      |    43       43      0
  0.70   0.20      1      |   123      123      0
  0.70   0.20      2      |   144      144      0
  0.75   0.00      0      |    56       56      0
  0.75   0.00      1      |   155      155      0
  0.75   0.00      2      |   187      187      0
  0.75   0.05      0      |    56       56      0
  0.75   0.05      1      |   154      154      0
  0.75   0.05      2      |   186      186      0
  0.75   0.08      0      |    55       55      0
  0.75   0.08      1      |   152      152      0
  0.75   0.08      2      |   184      184      0
  0.75   0.12      0      |    52       52      0
  0.75   0.12      1      |   147      147      0
  0.75   0.12      2      |   177      177      0
  0.75   0.20      0      |    43       43      0
  0.75   0.20      1      |   122      122      0
  0.75   0.20      2      |   143      143      0
  0.80   0.00      0      |    56       56      0
  0.80   0.00      1      |   155      155      0
  0.80   0.00      2      |   179      179      0
  0.80   0.05      0      |    56       56      0
  0.80   0.05      1      |   154      154      0
  0.80   0.05      2      |   178      178      0
  0.80   0.08      0      |    55       55      0
  0.80   0.08      1      |   152      152      0
  0.80   0.08      2      |   176      176      0
  0.80   0.12      0      |    52       52      0
  0.80   0.12      1      |   147      147      0
  0.80   0.12      2      |   169      169      0
  0.80   0.20      0      |    43       43      0
  0.80   0.20      1      |   122      122      0
  0.80   0.20      2      |   138      138      0
  0.85   0.00      0      |    54       54      0
  0.85   0.00      1      |   152      152      0
  0.85   0.00      2      |   165      165      0
  0.85   0.05      0      |    54       54      0
  0.85   0.05      1      |   151      151      0
  0.85   0.05      2      |   164      164      0
  0.85   0.08      0      |    53       53      0
  0.85   0.08      1      |   149      149      0
  0.85   0.08      2      |   162      162      0
  0.85   0.12      0      |    50       50      0
  0.85   0.12      1      |   144      144      0
  0.85   0.12      2      |   156      156      0
  0.85   0.20      0      |    41       41      0
  0.85   0.20      1      |   120      120      0
  0.85   0.20      2      |   128      128      0
  0.90   0.00      0      |    40       40      0
  0.90   0.00      1      |   113      113      0
  0.90   0.00      2      |   119      119      0
  0.90   0.05      0      |    40       40      0
  0.90   0.05      1      |   112      112      0
  0.90   0.05      2      |   118      118      0
  0.90   0.08      0      |    40       40      0
  0.90   0.08      1      |   111      111      0
  0.90   0.08      2      |   117      117      0
  0.90   0.12      0      |    37       37      0
  0.90   0.12      1      |   107      107      0
  0.90   0.12      2      |   113      113      0
  0.90   0.20      0      |    30       30      0
  0.90   0.20      1      |    85       85      0
  0.90   0.20      2      |    90       90      0
