dictionary: version=glossary-2025-1175 source=eu_glossary entries=30376  fixtures=10

=== threshold sweep on 55 labels (10 fixtures + synthetic random-edit copies) ===
high_score margin max_unexpl dom_score dom_margin | high-conf total  correct  wrong
  0.75   0.05      1        0.85     0.12     |   248      248      0
  0.75   0.05      1        0.85     0.15     |   246      246      0
  0.75   0.05      1        0.85     0.20     |   241      241      0
  0.75   0.05      1        0.85     0.25     |   241      241      0
  0.75   0.05      1        0.90     0.12     |   242      242      0
  0.75   0.05      1        0.90     0.15     |   242      242      0
  0.75   0.05      1        0.90     0.20     |   241      241      0
  0.75   0.05      1        0.90     0.25     |   241      241      0
  0.75   0.05      2        0.85     0.12     |   284      284      0
  0.75   0.05      2        0.85     0.15     |   284      284      0
  0.75   0.05      2        0.85     0.20     |   284      284      0
  0.75   0.05      2        0.85     0.25     |   284      284      0
  0.75   0.05      2        0.90     0.12     |   284      284      0
  0.75   0.05      2        0.90     0.15     |   284      284      0
  0.75   0.05      2        0.90     0.20     |   284      284      0
  0.75   0.05      2        0.90     0.25     |   284      284      0
  0.75   0.08      1        0.85     0.12     |   217      217      0
  0.75   0.08      1        0.85     0.15     |   215      215      0
  0.75   0.08      1        0.85     0.20     |   210      210      0
  0.75   0.08      1        0.85     0.25     |   210      210      0
  0.75   0.08      1        0.90     0.12     |   211      211      0
  0.75   0.08      1        0.90     0.15     |   211      211      0
  0.75   0.08      1        0.90     0.20     |   210      210      0
  0.75   0.08      1        0.90     0.25     |   210      210      0
  0.75   0.08      2        0.85     0.12     |   241      241      0
  0.75   0.08      2        0.85     0.15     |   241      241      0
  0.75   0.08      2        0.85     0.20     |   241      241      0
  0.75   0.08      2        0.85     0.25     |   241      241      0
  0.75   0.08      2        0.90     0.12     |   241      241      0
  0.75   0.08      2        0.90     0.15     |   241      241      0
  0.75   0.08      2        0.90     0.20     |   241      241      0
  0.75   0.08      2        0.90     0.25     |   241      241      0
  0.75   0.12      1        0.85     0.12     |   153      153      0
  0.75   0.12      1        0.85     0.15     |   151      151      0
  0.75   0.12      1        0.85     0.20     |   146      146      0
  0.75   0.12      1        0.85     0.25     |   146      146      0
  0.75   0.12      1        0.90     0.12     |   147      147      0
  0.75   0.12      1        0.90     0.15     |   147      147      0
  0.75   0.12      1        0.90     0.20     |   146      146      0
  0.75   0.12      1        0.90     0.25     |   146      146      0
  0.75   0.12      2        0.85     0.12     |   163      163      0
  0.75   0.12      2        0.85     0.15     |   163      163      0
  0.75   0.12      2        0.85     0.20     |   163      163      0
  0.75   0.12      2        0.85     0.25     |   163      163      0
  0.75   0.12      2        0.90     0.12     |   163      163      0
  0.75   0.12      2        0.90     0.15     |   163      163      0
  0.75   0.12      2        0.90     0.20     |   163      163      0
  0.75   0.12      2        0.90     0.25     |   163      163      0
  0.80   0.05      1        0.85     0.12     |   248      248      0
  0.80   0.05      1        0.85     0.15     |   246      246      0
  0.80   0.05      1        0.85     0.20     |   241      241      0
  0.80   0.05      1        0.85     0.25     |   241      241      0
  0.80   0.05      1        0.90     0.12     |   242      242      0
  0.80   0.05      1        0.90     0.15     |   242      242      0
  0.80   0.05      1        0.90     0.20     |   241      241      0
  0.80   0.05      1        0.90     0.25     |   241      241      0
  0.80   0.05      2        0.85     0.12     |   276      276      0
  0.80   0.05      2        0.85     0.15     |   276      276      0
  0.80   0.05      2        0.85     0.20     |   276      276      0
  0.80   0.05      2        0.85     0.25     |   276      276      0
  0.80   0.05      2        0.90     0.12     |   276      276      0
  0.80   0.05      2        0.90     0.15     |   276      276      0
  0.80   0.05      2        0.90     0.20     |   276      276      0
  0.80   0.05      2        0.90     0.25     |   276      276      0
  0.80   0.08      1        0.85     0.12     |   217      217      0
  0.80   0.08      1        0.85     0.15     |   215      215      0
  0.80   0.08      1        0.85     0.20     |   210      210      0
  0.80   0.08      1        0.85     0.25     |   210      210      0
  0.80   0.08      1        0.90     0.12     |   211      211      0
  0.80   0.08      1        0.90     0.15     |   211      211      0
  0.80   0.08      1        0.90     0.20     |   210      210      0
  0.80   0.08      1        0.90     0.25     |   210      210      0
  0.80   0.08      2        0.85     0.12     |   235      235      0
  0.80   0.08      2        0.85     0.15     |   235      235      0
  0.80   0.08      2        0.85     0.20     |   235      235      0
  0.80   0.08      2        0.85     0.25     |   235      235      0
  0.80   0.08      2        0.90     0.12     |   235      235      0
  0.80   0.08      2        0.90     0.15     |   235      235      0
  0.80   0.08      2        0.90     0.20     |   235      235      0
  0.80   0.08      2        0.90     0.25     |   235      235      0
  0.80   0.12      1        0.85     0.12     |   153      153      0
  0.80   0.12      1        0.85     0.15     |   151      151      0
  0.80   0.12      1        0.85     0.20     |   146      146      0
  0.80   0.12      1        0.85     0.25     |   146      146      0
  0.80   0.12      1        0.90     0.12     |   147      147      0
  0.80   0.12      1        0.90     0.15     |   147      147      0
  0.80   0.12      1        0.90     0.20     |   146      146      0
  0.80   0.12      1        0.90     0.25     |   146      146      0
  0.80   0.12      2        0.85     0.12     |   161      161      0
  0.80   0.12      2        0.85     0.15     |   161      161      0
  0.80   0.12      2        0.85     0.20     |   161      161      0
  0.80   0.12      2        0.85     0.25     |   161      161      0
  0.80   0.12      2        0.90     0.12     |   161      161      0
  0.80   0.12      2        0.90     0.15     |   161      161      0
  0.80   0.12      2        0.90     0.20     |   161      161      0
  0.80   0.12      2        0.90     0.25     |   161      161      0
  0.85   0.05      1        0.85     0.12     |   242      242      0
  0.85   0.05      1        0.85     0.15     |   240      240      0
  0.85   0.05      1        0.85     0.20     |   235      235      0
  0.85   0.05      1        0.85     0.25     |   235      235      0
  0.85   0.05      1        0.90     0.12     |   236      236      0
  0.85   0.05      1        0.90     0.15     |   236      236      0
  0.85   0.05      1        0.90     0.20     |   235      235      0
  0.85   0.05      1        0.90     0.25     |   235      235      0
  0.85   0.05      2        0.85     0.12     |   254      254      0
  0.85   0.05      2        0.85     0.15     |   254      254      0
  0.85   0.05      2        0.85     0.20     |   254      254      0
  0.85   0.05      2        0.85     0.25     |   254      254      0
  0.85   0.05      2        0.90     0.12     |   254      254      0
  0.85   0.05      2        0.90     0.15     |   254      254      0
  0.85   0.05      2        0.90     0.20     |   254      254      0
  0.85   0.05      2        0.90     0.25     |   254      254      0
  0.85   0.08      1        0.85     0.12     |   211      211      0
  0.85   0.08      1        0.85     0.15     |   209      209      0
  0.85   0.08      1        0.85     0.20     |   204      204      0
  0.85   0.08      1        0.85     0.25     |   204      204      0
  0.85   0.08      1        0.90     0.12     |   205      205      0
  0.85   0.08      1        0.90     0.15     |   205      205      0
  0.85   0.08      1        0.90     0.20     |   204      204      0
  0.85   0.08      1        0.90     0.25     |   204      204      0
  0.85   0.08      2        0.85     0.12     |   216      216      0
  0.85   0.08      2        0.85     0.15     |   216      216      0
  0.85   0.08      2        0.85     0.20     |   216      216      0
  0.85   0.08      2        0.85     0.25     |   216      216      0
  0.85   0.08      2        0.90     0.12     |   216      216      0
  0.85   0.08      2        0.90     0.15     |   216      216      0
  0.85   0.08      2        0.90     0.20     |   216      216      0
  0.85   0.08      2        0.90     0.25     |   216      216      0
  0.85   0.12      1        0.85     0.12     |   147      147      0
  0.85   0.12      1        0.85     0.15     |   145      145      0
  0.85   0.12      1        0.85     0.20     |   140      140      0
  0.85   0.12      1        0.85     0.25     |   140      140      0
  0.85   0.12      1        0.90     0.12     |   141      141      0
  0.85   0.12      1        0.90     0.15     |   141      141      0
  0.85   0.12      1        0.90     0.20     |   140      140      0
  0.85   0.12      1        0.90     0.25     |   140      140      0
  0.85   0.12      2        0.85     0.12     |   147      147      0
  0.85   0.12      2        0.85     0.15     |   147      147      0
  0.85   0.12      2        0.85     0.20     |   147      147      0
  0.85   0.12      2        0.85     0.25     |   147      147      0
  0.85   0.12      2        0.90     0.12     |   147      147      0
  0.85   0.12      2        0.90     0.15     |   147      147      0
  0.85   0.12      2        0.90     0.20     |   147      147      0
  0.85   0.12      2        0.90     0.25     |   147      147      0

settings with 0 wrong high-confidence suggestions: 144 of 144
most correct high-confidence suggestions with 0 wrong: (0.75, 0.05, 2, 0.85, 0.12, 284, 284, 0)
